4294967294,0
4294967278,77
4294967294,50
4294967278,286
4294967294,81
4294967278,75
4294967278,74
4294967278,72
4294967278,63
4294967278,58
4294967278,55
4294967278,54
4294967278,49
4294967278,283
4294967279,299
4294967294,6
0,5
4294967294,93
4294967294,95
4294967278,269
4294967294,1415
4294967294,51
4294967294,472
4294967294,25
4294967294,920
4294967294,27
4294967294,67
4294967294,969
4294967294,82
4294967294,83
4294967293,131
4294967293,130
4294967293,129
4294967293,128
4294967293,127
4294967293,126
4294967293,125
4294967293,124
4294967293,123
4294967293,122
4294967293,121
4294967293,120
4294967293,119
4294967293,118
4294967293,117
4294967293,116
4294967293,115
4294967293,114
4294967293,113
4294967293,112
4294967293,111
4294967293,110
4294967293,109
4294967293,108
4294967293,107
4294967293,106
4294967293,105
4294967293,104
4294967293,103
4294967293,102
4294967293,101
4294967293,100
4294967293,99
4294967293,98
4294967293,97
4294967293,96
4294967293,95
4294967293,94
4294967293,93
4294967293,92
4294967293,91
4294967293,90
4294967293,89
4294967293,87
4294967293,86
4294967293,85
4294967293,84
4294967293,83
4294967293,82
4294967293,81
4294967293,80
4294967293,79
4294967293,78
4294967293,77
4294967293,76
4294967293,75
4294967293,74
4294967293,73
4294967293,72
4294967293,71
4294967293,70
4294967293,69
4294967293,68
4294967293,67
4294967293,66
4294967293,65
4294967293,64
4294967293,63
4294967293,62
4294967293,61
4294967293,60
4294967293,59
4294967293,58
4294967293,57
4294967293,56
4294967293,55
4294967293,54
4294967293,53
4294967293,52
4294967293,51
4294967293,50
4294967293,49
4294967293,48
4294967293,47
4294967293,46
4294967293,45
4294967293,44
4294967293,43
4294967293,42
4294967293,41
4294967293,40
4294967293,39
4294967293,38
4294967293,37
4294967293,36
4294967293,35
4294967293,34
4294967293,33
4294967293,32
4294967293,31
4294967293,30
4294967293,29
4294967293,28
4294967293,27
4294967293,26
4294967293,25
4294967293,24
4294967293,23
4294967293,22
4294967293,21
4294967293,20
4294967293,19
4294967293,18
4294967293,17
4294967293,16
4294967293,15
4294967293,14
4294967293,13
4294967293,12
4294967293,11
4294967293,10
4294967293,9
4294967293,8
4294967293,7
4294967293,6
4294967293,5
4294967293,4
4294967293,3
4294967278,174
4294967278,88
4294967279,67
4294967279,66
4294967279,65
4294967279,64
4294967279,62
4294967279,61
4294967279,60
4294967279,59
4294967279,51
4294967279,50
4294967279,49
4294967279,48
4294967279,47
4294967279,46
4294967279,45
4294967279,44
4294967278,267
4294967278,281
4294967278,265
4294967278,305
4294967278,264
4294967278,285
4294967278,262
4294967278,261
4294967278,278
4294967279,556
4294967279,555
4294967278,363
4294967278,362
4294967279,554
4294967279,553
4294967279,249
4294967278,249
4294967279,552
4294967278,245
4294967294,436
4294967279,244
4294967279,241
4294967279,242
4294967278,241
4294967279,239
4294967278,238
4294967279,237
4294967278,237
4294967278,361
4294967279,236
4294967278,236
4294967279,233
38,5
4294967279,231
38,4
38,3
38,2
38,1
4294967278,229
4294967279,229
4294967279,225
4294967278,224
4294967279,223
4294967279,222
4294967278,222
4294967279,221
4294967278,220
4294967279,219
4294967279,217
36,4
36,3
36,2
36,1
4294967278,215
4294967279,215
4294967294,408
4294967294,400
4294967294,1416
4294967294,415
4294967294,414
4294967294,189
4294967294,466
4294967294,462
4294967294,451
4294967279,213
4294967278,360
4294967279,212
35,6
4294967279,209
4294967278,359
4294967279,551
4294967278,209
35,5
4294967279,208
4294967279,207
35,4
35,3
35,2
35,1
4294967278,358
4294967279,206
4294967279,205
4294967279,204
4294967279,550
4294967278,357
4294967278,356
4294967279,203
34,5
4294967278,201
4294967279,201
4294967278,200
34,4
4294967279,200
34,3
34,2
34,1
4294967278,199
4294967279,199
4294967278,198
4294967279,194
4294967279,193
4294967279,190
4294967279,192
33,5
33,4
4294967279,191
33,3
33,2
33,1
4294967279,309
4294967278,190
4294967278,316
4294967279,308
4294967278,188
4294967279,186
4294967279,306
4294967279,549
32,5
4294967294,1413
4294967294,908
4294967294,918
4294967294,904
4294967294,910
4294967279,185
4294967279,184
32,4
4294967278,183
32,3
32,2
32,1
4294967278,355
4294967279,183
4294967279,182
4294967278,179
4294967279,181
4294967279,548
4294967279,68
4294967278,354
4294967278,353
4294967279,180
31,5
4294967279,178
31,4
4294967279,177
31,3
31,2
31,1
4294967279,547
4294967279,63
4294967279,176
4294967279,175
4294967279,173
4294967279,172
30,4
